[[0.16829595795896782,0.7355258711510957,0.09617817088993641],[0.18348943888187286,0.8019279311124046,0.01458263000572262],[0.14224110308970153,0.815564063542082,0.04219483336821653],[0.14624292935534916,0.8385092293198166,0.015247841324834147],[0.22795424396924863,0.24735322578462104,0.5246925302461303],[0.3406145573458022,0.6361367783163766,0.023248664337821273],[0.3160298748130243,0.5902220620922702,0.09374806309470546],[0.33648750492283463,0.6284290342529784,0.035083460824186945],[0.2896329483847518,0.0437058748610966,0.6666611767541517],[0.5805908707056274,0.08761168949206205,0.33179743980231063],[0.7262090967510892,0.10958561200512949,0.16420529124378125],[0.8313052351145962,0.12544471469809437,0.043250050187309395],[0.26801918213154496,0.11506901847212563,0.6169117993963292],[0.4997966732796752,0.21457834537267942,0.28562498134764547],[0.6627760707686141,0.2845504986755952,0.0526734305557907],[0.5996951772315184,0.3377783338229833,0.06252648894549799],[0.2940717680660035,0.029050024387576256,0.6768782075464203],[0.4583845479791263,0.09074663372990932,0.4508688182909643],[0.8487095170411242,0.08384018748266578,0.06745029547620995],[0.7547748246938112,0.0745608026526454,0.1706643726535434],[0.6259160674446492,0.2212281191287632,0.1528558134265876],[0.7297174362773255,0.25791639537576133,0.012366168346913058],[0.700722659197935,0.24766828012283376,0.05160906067923117],[0.675382675125373,0.3131719414371745,0.011445383437452529],[0.6259160674446492,0.2212281191287632,0.1528558134265876],[0.7249876794040708,0.25624467727899053,0.01876764331693864],[0.6504713418296146,0.30162066702734036,0.047907991143044934],[0.7297174362773255,0.25791639537576133,0.012366168346913058],[0.8207993017310526,0.02641097763534782,0.15278972063359936],[0.7834605195716275,0.025209522250987854,0.19132995817738466],[0.9042994876166462,0.029097775171993936,0.06660273721135972],[0.9379991203104512,0.04610506241239796,0.015895817277150934],[0.7225139442756214,0.10103994352408928,0.17644611220028922],[0.7225139442756214,0.10103994352408928,0.17644611220028922],[0.8578302353985312,0.11996324669529045,0.02220651790617833],[0.8578302353985312,0.11996324669529045,0.02220651790617833],[0.7834605195716275,0.025209522250987854,0.19132995817738466],[0.8207993017310526,0.02641097763534782,0.15278972063359936],[0.9451224221967944,0.030411340631822742,0.02446623717138291],[0.9042994876166462,0.029097775171993936,0.06660273721135972],[0.22795424396924863,0.24735322578462104,0.5246925302461303],[0.33648750492283463,0.6284290342529784,0.035083460824186945],[0.3160298748130243,0.5902220620922702,0.09374806309470546],[0.3406145573458022,0.6361367783163766,0.023248664337821273],[0.1295793753248695,0.7429658487993402,0.12745477587579032],[0.18441822141309328,0.8059871110753143,0.009594667511592287],[0.14224110308970153,0.815564063542082,0.04219483336821653],[0.18348943888187286,0.8019279311124046,0.01458263000572262],[0.4583845479791263,0.09074663372990932,0.4508688182909643],[0.2940717680660035,0.029050024387576256,0.6768782075464203],[0.7547748246938112,0.0745608026526454,0.1706643726535434],[0.789748691735674,0.15634697020999017,0.05390433805433615],[0.3926412868526194,0.22115522135004195,0.3862034917973387],[0.21819936973152573,0.12290080418753484,0.6588998260809393],[0.5996951772315184,0.3377783338229833,0.06252648894549799],[0.6627760707686141,0.2845504986755952,0.0526734305557907],[0.4732153169425955,0.061328262923434795,0.46545642013396976],[0.24100371208690907,0.03123385590281456,0.7277624320102765],[0.8104628481082746,0.10503522785271469,0.08450192403901075],[0.7011432318396209,0.09086750772791088,0.20798926043246835],[0.027667204537170198,0.37156142891448185,0.6007713665483478],[0.0504517414924117,0.6775502431031616,0.27199801540442675],[0.050262579833462065,0.785959380655258,0.16377803951127992],[0.06702197496014817,0.9000830116901406,0.03289501334971098],[0.02028286815493405,0.83625818346871,0.14345894837635584],[0.02099912542734527,0.8657893129395318,0.11321156163312283],[0.014872217215196151,0.9366674254620954,0.04846035732270857],[0.023407916986708906,0.9651032580088867,0.011488825004404356],[0.05461635526812451,0.5590869518251272,0.38629669290674806],[0.018286741216981064,0.3751460229664295,0.6065672358165892],[0.07479584686308707,0.7656567675849288,0.159547385551984],[0.08527016858748362,0.8728784336331277,0.04185139777938857],[0.06484059643791021,0.4011667791011142,0.5339926244609757],[0.024779000937018604,0.153306917908537,0.8219140811544441],[0.055582490301274726,0.34388716072242165,0.6005303489763038],[0.12001566777744269,0.7425332512178506,0.1374510810047068],[0.08764198130121542,0.1905853303057878,0.7217726883929967],[0.027514576123900354,0.05983290771091409,0.9126525161651855],[0.0715363994922349,0.15556230157847076,0.7729012989292945],[0.1554475455471027,0.3380345968160768,0.5065178576368207],[0.07489328150452644,0.35351473880807305,0.5715919796874005],[0.14116444473784076,0.5079035959488626,0.3509319593132967],[0.1671188709671373,0.7888422410263444,0.04403888800651859],[0.16969989633913757,0.8010253166228466,0.02927478703801599],[0.05751651392029726,0.8334947915403961,0.10898869453930667],[0.05562545979050642,0.8060907703251022,0.13828376988439117],[0.06347224392975817,0.9198016555062024,0.016726100564039365],[0.06347224392975817,0.9198016555062024,0.016726100564039365],[0.13131704427942967,0.6198487992101794,0.2488341565103909],[0.08176586033378767,0.29419004598861787,0.6240440936775943],[0.16969989633913757,0.8010253166228466,0.02927478703801599],[0.20962312172632763,0.7542149690494115,0.036161909224260824],[0.3103216802707929,0.10164624833445057,0.5880320713947566],[0.10949975147026908,0.05478870724299294,0.8357115412867382],[0.26222416695920764,0.08589184864805832,0.6518839843927341],[0.6285080277196594,0.20586857808336337,0.16562339419697725],[0.26222416695920764,0.08589184864805832,0.6518839843927341],[0.10949975147026908,0.05478870724299294,0.8357115412867382],[0.3103216802707929,0.10164624833445057,0.5880320713947566],[0.5977773004898699,0.2991006378853633,0.10312206162476684],[0.018286741216981064,0.3751460229664295,0.6065672358165892],[0.033613317117203494,0.6895653022922837,0.2768213805905128],[0.08527016858748362,0.8728784336331277,0.04185139777938857],[0.04036637367806936,0.8281018672065219,0.13153175911540865],[0.02099912542734527,0.8657893129395318,0.11321156163312283],[0.02028286815493405,0.83625818346871,0.14345894837635584],[0.023407916986708906,0.9651032580088867,0.011488825004404356],[0.014872217215196151,0.9366674254620954,0.04846035732270857],[0.036441321154441014,0.569835418311258,0.393723260534301],[0.027667204537170198,0.37156142891448185,0.6007713665483478],[0.05623555532521964,0.8793592048132208,0.0644052398615596],[0.050262579833462065,0.785959380655258,0.16377803951127992],[0.13655281127473648,0.1272566714918796,0.7361905172333839],[0.042290221338873224,0.03941121939563853,0.9182985592654883],[0.11105145073854364,0.10349137343572243,0.7854571758257339],[0.24600078822613758,0.22925373122529602,0.5247454805485666],[0.0957718871484897,0.38789780461340917,0.516330308238101],[0.037363020062621904,0.1513286820123639,0.8113082979250141],[0.08248689056264921,0.33409056364347256,0.5834225457938781],[0.1804716809527323,0.7309511268992469,0.08857719214802083]]