[[0.34126132729124514,0.33377889067433336,0.32495978203442155],[0.4694968314571178,0.4592027254384165,0.07130044310446572],[0.4630735936266408,0.47564098367380414,0.06128542269955516],[0.45732619693102283,0.46973760793506264,0.0729361951339146],[0.34126132729124514,0.32495978203442155,0.33377889067433336],[0.4630735936266407,0.48630359180206106,0.05062281457129819],[0.4581881133252284,0.48117303231658426,0.06063885435818733],[0.45256061144842674,0.47526322788543807,0.07217616066613536],[0.4694968314571178,0.07130044310446572,0.4592027254384165],[0.475263227885438,0.07217616066613536,0.4525606114484267],[0.7825408115114354,0.11884107169568768,0.09861811679287696],[0.796201927928486,0.12091572606729309,0.082882346004221],[0.47526322788543807,0.059894083254827056,0.4648426888597349],[0.48117303231658426,0.06063885435818733,0.4581881133252284],[0.7825408115114354,0.09861811679287696,0.11884107169568768],[0.7740963503585249,0.10244769448062056,0.12345595516085454],[0.480267878051465,0.049994514013472525,0.4697376079350626],[0.45256061144842674,0.07217616066613536,0.47526322788543807],[0.796201927928486,0.082882346004221,0.12091572606729309],[0.8129287455845124,0.08462355993486702,0.10244769448062056],[0.3337788906743333,0.32495978203442144,0.34126132729124514],[0.4807672160999913,0.4680643806968061,0.05116840320320261],[0.47564098367380414,0.4630735936266408,0.06128542269955516],[0.46973760793506253,0.4802678780514649,0.049994514013472525],[0.3337788906743333,0.32495978203442144,0.34126132729124514],[0.4697376079350626,0.4573261969310228,0.0729361951339146],[0.46484268885973495,0.4752632278854381,0.059894083254827056],[0.4807672160999913,0.4680643806968061,0.05116840320320261],[0.4807672160999913,0.05116840320320261,0.4680643806968061],[0.46973760793506253,0.049994514013472525,0.4802678780514649],[0.8095338513241017,0.08615927443475666,0.1043068742411417],[0.7925809333751082,0.12306410353258007,0.08435496309231166],[0.46484268885973495,0.059894083254827056,0.4752632278854381],[0.46484268885973495,0.059894083254827056,0.4752632278854381],[0.7787445426827695,0.10033973124993725,0.12091572606729309],[0.7787445426827695,0.10033973124993725,0.12091572606729309],[0.46973760793506253,0.049994514013472525,0.4802678780514649],[0.4807672160999913,0.05116840320320261,0.4680643806968061],[0.7925809333751082,0.08435496309231166,0.12306410353258007],[0.8095338513241017,0.08615927443475666,0.1043068742411417],[0.34126132729124514,0.32495978203442155,0.33377889067433336],[0.45256061144842674,0.47526322788543807,0.07217616066613536],[0.4581881133252284,0.48117303231658426,0.06063885435818733],[0.4630735936266407,0.48630359180206106,0.05062281457129819],[0.32495978203442155,0.33377889067433336,0.34126132729124514],[0.480267878051465,0.4697376079350626,0.049994514013472525],[0.4630735936266408,0.47564098367380414,0.06128542269955516],[0.4694968314571178,0.4592027254384165,0.07130044310446572],[0.45256061144842674,0.07217616066613536,0.47526322788543807],[0.480267878051465,0.049994514013472525,0.4697376079350626],[0.8129287455845124,0.08462355993486702,0.10244769448062056],[0.7881443411364146,0.1256963844288288,0.08615927443475666],[0.4581881133252284,0.06063885435818733,0.48117303231658426],[0.4630735936266408,0.06128542269955516,0.47564098367380414],[0.7740963503585249,0.10244769448062056,0.12345595516085454],[0.7825408115114354,0.09861811679287696,0.11884107169568768],[0.4630735936266407,0.05062281457129819,0.48630359180206106],[0.4680643806968061,0.05116840320320261,0.4807672160999913],[0.7881443411364146,0.08615927443475666,0.1256963844288288],[0.8053708286813606,0.08804245951960013,0.10658671179903927],[0.07130044310446572,0.4694968314571178,0.4592027254384165],[0.07217616066613536,0.475263227885438,0.4525606114484267],[0.08804245951960013,0.8053708286813606,0.10658671179903927],[0.12091572606729309,0.7962019279284859,0.082882346004221],[0.07130044310446572,0.4592027254384165,0.4694968314571178],[0.0729361951339146,0.46973760793506264,0.45732619693102283],[0.08615927443475666,0.8095338513241017,0.1043068742411417],[0.12306410353258007,0.7925809333751084,0.08435496309231166],[0.07217616066613536,0.4525606114484267,0.475263227885438],[0.049994514013472525,0.480267878051465,0.4697376079350626],[0.12345595516085454,0.774096350358525,0.10244769448062056],[0.1256963844288288,0.7881443411364146,0.08615927443475666],[0.08804245951960013,0.10658671179903927,0.8053708286813606],[0.08615927443475666,0.1043068742411417,0.8095338513241017],[0.08462355993486702,0.10244769448062056,0.8129287455845127],[0.27251576456156756,0.3299153546653505,0.3975688807730817],[0.08615927443475666,0.1256963844288288,0.7881443411364146],[0.08435496309231166,0.12306410353258007,0.7925809333751082],[0.082882346004221,0.12091572606729309,0.796201927928486],[0.27251576456156756,0.3975688807730817,0.3299153546653505],[0.059894083254827056,0.47526322788543807,0.4648426888597349],[0.06063885435818733,0.4581881133252284,0.48117303231658426],[0.09861811679287696,0.7825408115114356,0.11884107169568768],[0.10244769448062056,0.8129287455845123,0.08462355993486702],[0.06128542269955514,0.47564098367380403,0.4630735936266408],[0.059894083254827056,0.4648426888597349,0.47526322788543807],[0.10033973124993731,0.7787445426827697,0.12091572606729314],[0.10033973124993731,0.7787445426827697,0.12091572606729314],[0.06063885435818733,0.48117303231658426,0.4581881133252284],[0.06128542269955514,0.4630735936266408,0.47564098367380403],[0.10244769448062056,0.8129287455845123,0.08462355993486702],[0.10658671179903927,0.8053708286813606,0.08804245951960013],[0.10658671179903927,0.08804245951960013,0.8053708286813606],[0.10033973124993731,0.12091572606729314,0.7787445426827697],[0.10244769448062056,0.08462355993486702,0.8129287455845123],[0.32991535466535066,0.2725157645615677,0.3975688807730819],[0.10244769448062056,0.08462355993486702,0.8129287455845123],[0.10033973124993731,0.12091572606729314,0.7787445426827697],[0.10658671179903927,0.08804245951960013,0.8053708286813606],[0.32991535466535066,0.3975688807730819,0.2725157645615677],[0.049994514013472525,0.480267878051465,0.4697376079350626],[0.05062281457129819,0.4863035918020611,0.46307359362664074],[0.1256963844288288,0.7881443411364146,0.08615927443475666],[0.08462355993486702,0.8129287455845127,0.10244769448062056],[0.0729361951339146,0.46973760793506264,0.45732619693102283],[0.07130044310446572,0.4592027254384165,0.4694968314571178],[0.12306410353258007,0.7925809333751084,0.08435496309231166],[0.08615927443475666,0.8095338513241017,0.1043068742411417],[0.05062281457129819,0.46307359362664074,0.4863035918020611],[0.07130044310446572,0.4694968314571178,0.4592027254384165],[0.08615927443475666,0.7881443411364146,0.1256963844288288],[0.08804245951960013,0.8053708286813606,0.10658671179903927],[0.1256963844288288,0.08615927443475666,0.7881443411364146],[0.12306410353258007,0.08435496309231166,0.7925809333751084],[0.12091572606729309,0.082882346004221,0.7962019279284859],[0.3975688807730819,0.2725157645615677,0.32991535466535066],[0.12345595516085454,0.10244769448062056,0.774096350358525],[0.12091572606729314,0.10033973124993731,0.7787445426827696],[0.11884107169568768,0.09861811679287696,0.7825408115114354],[0.3975688807730819,0.32991535466535066,0.2725157645615677]]