[[0.17033302656950963,0.7645067517104418,0.06516022172004862],[0.18044396037895083,0.809887716982381,0.009668322638668198],[0.09799791424404364,0.8620394358849018,0.0399626498710546],[0.10099460053414508,0.8883998107864528,0.010605588679402131],[0.24448781141319503,0.1775856917579292,0.5779264968288756],[0.2583113009351199,0.7206922377253256,0.02099646133955454],[0.2382197262866701,0.6646364560371159,0.09714381767621398],[0.25673770905532617,0.7163018937914396,0.026960397153234356],[0.2885535144089521,0.02935636107277496,0.6820901245182729],[0.6737262843053418,0.06854240575374215,0.2577313099409161],[0.7634716405661979,0.07767276442705436,0.1588555950067478],[0.8747297907387666,0.08899175472057075,0.036278454540662614],[0.26603543355366066,0.10510325324910949,0.6288613131972298],[0.5625504304239424,0.22224814027382936,0.21520142930222813],[0.6902963698734841,0.27271703325609575,0.03698659687041993],[0.5321121764540023,0.4120099563637352,0.05587786718226229],[0.29048033541261115,0.022874871653442548,0.6866447929339463],[0.37470193964330034,0.07471187460797907,0.5505861857487204],[0.883135411659883,0.06954553107918557,0.04731905726093147],[0.777110368925835,0.06119622495095105,0.16169340612321403],[0.6811159355580814,0.15691625547704863,0.16196780896486992],[0.8041587723571547,0.18526300263979767,0.01057822500304751],[0.7713815465570132,0.17771174848617088,0.05090670495681594],[0.6827466934465263,0.30827218442731175,0.008981122126161912],[0.6811159355580814,0.15691625547704863,0.16196780896486992],[0.8016832210479845,0.18469268234423994,0.013624096607775527],[0.6589734379065301,0.2975381398883803,0.04348842220508969],[0.8041587723571547,0.18526300263979767,0.01057822500304751],[0.8723642764957606,0.021788931704989845,0.10584679179924955],[0.7919069756200665,0.019779359922671665,0.1883136644572619],[0.9166145908691231,0.02289416618533625,0.0604912429455405],[0.956551156352985,0.030865988486251827,0.012582855160763106],[0.7336197486061877,0.09192715597806055,0.1744530954157517],[0.7336197486061877,0.09192715597806055,0.1744530954157517],[0.875426282783502,0.10969640416254989,0.01487731305394802],[0.875426282783502,0.10969640416254989,0.01487731305394802],[0.7919069756200665,0.019779359922671665,0.1883136644572619],[0.8723642764957606,0.021788931704989845,0.10584679179924955],[0.9597193899116667,0.02397078927479609,0.016309820813537174],[0.9166145908691231,0.02289416618533625,0.0604912429455405],[0.24448781141319503,0.1775856917579292,0.5779264968288756],[0.25673770905532617,0.7163018937914396,0.026960397153234356],[0.2382197262866701,0.6646364560371159,0.09714381767621398],[0.2583113009351199,0.7206922377253256,0.02099646133955454],[0.08876339134826797,0.7808078814263341,0.13042872722539814],[0.18083902278089692,0.8116608779466251,0.0075000992724779435],[0.09799791424404364,0.8620394358849018,0.0399626498710546],[0.18044396037895083,0.809887716982381,0.009668322638668198],[0.37470193964330034,0.07471187460797907,0.5505861857487204],[0.29048033541261115,0.022874871653442548,0.6866447929339463],[0.777110368925835,0.06119622495095105,0.16169340612321403],[0.7808390204108354,0.15569160660733886,0.06346937298182576],[0.30829093410780034,0.23870706202504904,0.4530020038671505],[0.15607714113559754,0.12084920991131068,0.7230736489530918],[0.5321121764540023,0.4120099563637352,0.05587786718226229],[0.6902963698734841,0.27271703325609575,0.03698659687041993],[0.38113610380336466,0.05882336413003044,0.5600405320666049],[0.17279711969602288,0.026668971506681734,0.8005339087972954],[0.794061474160472,0.12255298506243986,0.08338554077708803],[0.6401525226184563,0.09879915484514283,0.2610483225364008],[0.01851988138241359,0.36890924966888283,0.6125708689487035],[0.038062612574722585,0.7581932926801678,0.20374409474510974],[0.0558907189679019,0.7338835013861942,0.21022577964590383],[0.04651169939112762,0.9264960055035367,0.026992295105335667],[0.013459922359828621,0.8453328813293931,0.1412071963107783],[0.014459943492381439,0.9081379052197374,0.07740215128788139],[0.0116416594887204,0.9445697296724404,0.04378861083883919],[0.015531801874066295,0.9754545739154545,0.009013624210479264],[0.04617940273596649,0.4693553965498171,0.4844652007142164],[0.01439545732954516,0.37045949827178215,0.6151450443986727],[0.07104690131491816,0.7221021616706098,0.20685093701447224],[0.08514933844956399,0.8654356519605442,0.04941500958989185],[0.0664127851789894,0.4743130104767849,0.4592742043442256],[0.01965649130616953,0.14038455911331976,0.8399589495805109],[0.04609295102979843,0.32919092770738345,0.6247161212628181],[0.10976351661491071,0.7839192990600176,0.10631718432507162],[0.10251595658494611,0.18854021179822206,0.7089438316168317],[0.02194377204438704,0.04035745816284143,0.9376987697927717],[0.06100340114437881,0.11219320928486581,0.8268033895707553],[0.1515036213323069,0.27863491504877863,0.5698614636189145],[0.06827259131951517,0.3502086824910767,0.5815187261894083],[0.15825669983888008,0.4142044757405365,0.42753882442058344],[0.15816195560772492,0.8113020030889133,0.030536041303361745],[0.15926081998685632,0.8169386991482593,0.023800480864884455],[0.05390486305688575,0.8717909029966029,0.07430423394651126],[0.050316182234370864,0.8137519967197202,0.13593182104590898],[0.0575843240014607,0.9312979752254409,0.011117700773098493],[0.0575843240014607,0.9312979752254409,0.011117700773098493],[0.1331913040378865,0.6832134273046634,0.1835952686574503],[0.08240696545274445,0.21568334204790873,0.7019096924993469],[0.15926081998685632,0.8169386991482593,0.023800480864884455],[0.265481665774799,0.6948438473879975,0.039674486837203454],[0.3756308630000621,0.10658721642568378,0.5177819205742543],[0.101171678267962,0.03708828322242835,0.8617400385096097],[0.2509216366449149,0.07120032304415289,0.6778780403109322],[0.6771290334904749,0.19213889472322568,0.13073207178629923],[0.2509216366449149,0.07120032304415289,0.6778780403109322],[0.101171678267962,0.03708828322242835,0.8617400385096097],[0.3756308630000621,0.10658721642568378,0.5177819205742543],[0.6596171098407827,0.24180745646365043,0.0985754336955668],[0.01439545732954516,0.37045949827178215,0.6151450443986727],[0.029717751826811432,0.7647706619872816,0.2055115861859071],[0.08514933844956399,0.8654356519605442,0.04941500958989185],[0.032791353230537945,0.8438681722535935,0.12334047451586833],[0.014459943492381439,0.9081379052197374,0.07740215128788139],[0.013459922359828621,0.8453328813293931,0.1412071963107783],[0.015531801874066295,0.9754545739154545,0.009013624210479264],[0.0116416594887204,0.9445697296724404,0.04378861083883919],[0.03612183730865596,0.4743045165656788,0.48957364612566523],[0.01851988138241359,0.36890924966888283,0.6125708689487035],[0.06622828588347461,0.8696228503140842,0.0641488638024413],[0.0558907189679019,0.7338835013861942,0.21022577964590383],[0.13414224488718055,0.14781218748497463,0.7180455676278448],[0.02842661608090586,0.03132346792949639,0.9402499159895977],[0.07941018414804518,0.08750258382345691,0.8330872320284979],[0.19946636623282407,0.2197932496757435,0.5807403840914326],[0.08416791635369272,0.46529243951652627,0.45053964412978076],[0.0252496320009807,0.13958362496775079,0.8351667430312686],[0.05875757633058293,0.324820397312067,0.61642202635735],[0.14067708263987594,0.777683300255582,0.08163961710454185]]